4  13  15  20  17  18  10   8  19   7   5   9  12  14   1   2   0   6  16   3
16  20   2  19  12   9   4  15   3  13  14   0  11  17   1  10   8   6   7  18
9   7   2   3  15  12   8  13  11  17  10  19   0  20  14  16   5   1  18   4
13  10  19   9  14  12   1   0  11   8  17  20   3   5  18   6   7   4  15   2
14  20  11  18   9  16   3  17  19  13   0  15   2   5  10   8   7  12   4   6
10  12   2  15  17  11   9   5   8  14  20   4   3   1  18  16   6   0  19  13
2  20   6   4   0  17  11   5  18   1   3  14  13   9   7  16  12  15  19  10
3  10  11  17  19  18   7   4   6  16   5  13  12   2  15   1   8   9  14  20
4   9   7  14   3  15  17   5  12  10   6  13  18   1  20   2  11   0  16  19
14  19  20  13   3  10   4   9   8   1  15   7  12  18   0  11  16   5  17   6
4   6  12   7   8  20  19   5  11   0   9  17  13   1  15  18   2  14  10  16
1   3  17  20   9   7  15   0   6  18  10  11  14   5   2   8  12   4  16  19
8   6   4   2  12   1  13  11  18  15  10  19   3  14  20   9  16   5   0  17
15  10  20   8  12   9   3   0   6  11  17   1   7  18  13   2  19  16   4   5
19  16  13  15  14   9   7  18   0  17   4  12   1  10   2   5  20   3  11   6
17  14  12   0  16   5   8  20  19  13   3   4  11  18  10   1   2   6  15   7
4   8  16   6   1  12  14  11  13  19  17   0   9  10  20   3   5   7  15   2
11  14  10   5   4   2  13  12   7   9   1  16   3  18   6   8  15  17  20   0
8  15   9  12   0   4  11  10   3  18  19   7   2  14  17   5  16   1  20   6
0  12   2   6  11  19  10  16   5   4  20  17   9  14  13   1  15   8   7   3